Threads: 20, Datos: 1000000000

# elapsed time (SEQ): 6.9e-08s
Tamaño de cada parte: 200000
Partes: 5000
DList 19:47 46 41 40 38 36 
*****
DList 18:47 46 41 40 38 36 47 46 41 40 38 36 
*****
DList 17:47 46 41 40 38 36 47 46 41 40 38 36 47 46 41 40 38 36 
*****
DList 16:47 46 41 40 38 36 47 46 41 40 38 36 47 46 41 40 38 36 47 46 41 40 38 36 
*****
DList 15:47 46 41 40 38 36 47 46 41 40 38 36 47 46 41 40 38 36 47 46 41 40 38 36 47 46 41 40 38 36 
*****
DList 14:47 46 41 40 38 36 47 46 41 40 38 36 47 46 41 40 38 36 47 46 41 40 38 36 47 46 41 40 38 36 47 46 41 40 38 36 
*****
DList 13:47 46 41 40 38 36 47 46 41 40 38 36 47 46 41 40 38 36 47 46 41 40 38 36 47 46 41 40 38 36 47 46 41 40 38 36 47 46 41 40 38 36 
*****
DList 12:47 46 41 40 38 36 47 46 41 40 38 36 47 46 41 40 38 36 47 46 41 40 38 36 47 46 41 40 38 36 47 46 41 40 38 36 47 46 41 40 38 36 47 46 41 40 38 36 
*****
DList 11:47 46 41 40 38 36 47 46 41 40 38 36 47 46 41 40 38 36 47 46 41 40 38 36 47 46 41 40 38 36 47 46 41 40 38 36 47 46 41 40 38 36 47 46 41 40 38 36 47 46 41 40 38 36 
*****
DList 10:47 46 41 40 38 36 47 46 41 40 38 36 47 46 41 40 38 36 47 46 41 40 38 36 47 46 41 40 38 36 47 46 41 40 38 36 47 46 41 40 38 36 47 46 41 40 38 36 47 46 41 40 38 36 47 46 41 40 38 36 
*****
DList 9:47 46 41 40 38 36 47 46 41 40 38 36 47 46 41 40 38 36 47 46 41 40 38 36 47 46 41 40 38 36 47 46 41 40 38 36 47 46 41 40 38 36 47 46 41 40 38 36 47 46 41 40 38 36 47 46 41 40 38 36 47 46 41 40 38 36 
*****
DList 8:47 46 41 40 38 36 47 46 41 40 38 36 47 46 41 40 38 36 47 46 41 40 38 36 47 46 41 40 38 36 47 46 41 40 38 36 47 46 41 40 38 36 47 46 41 40 38 36 47 46 41 40 38 36 47 46 41 40 38 36 47 46 41 40 38 36 47 46 41 40 38 36 
*****
DList 7:47 46 41 40 38 36 47 46 41 40 38 36 47 46 41 40 38 36 47 46 41 40 38 36 47 46 41 40 38 36 47 46 41 40 38 36 47 46 41 40 38 36 47 46 41 40 38 36 47 46 41 40 38 36 47 46 41 40 38 36 47 46 41 40 38 36 47 46 41 40 38 36 47 46 41 40 38 36 
*****
DList 6:47 46 41 40 38 36 47 46 41 40 38 36 47 46 41 40 38 36 47 46 41 40 38 36 47 46 41 40 38 36 47 46 41 40 38 36 47 46 41 40 38 36 47 46 41 40 38 36 47 46 41 40 38 36 47 46 41 40 38 36 47 46 41 40 38 36 47 46 41 40 38 36 47 46 41 40 38 36 47 46 41 40 38 36 
*****
DList 5:47 46 41 40 38 36 47 46 41 40 38 36 47 46 41 40 38 36 47 46 41 40 38 36 47 46 41 40 38 36 47 46 41 40 38 36 47 46 41 40 38 36 47 46 41 40 38 36 47 46 41 40 38 36 47 46 41 40 38 36 47 46 41 40 38 36 47 46 41 40 38 36 47 46 41 40 38 36 47 46 41 40 38 36 47 46 41 40 38 36 
*****
DList 4:47 46 41 40 38 36 47 46 41 40 38 36 47 46 41 40 38 36 47 46 41 40 38 36 47 46 41 40 38 36 47 46 41 40 38 36 47 46 41 40 38 36 47 46 41 40 38 36 47 46 41 40 38 36 47 46 41 40 38 36 47 46 41 40 38 36 47 46 41 40 38 36 47 46 41 40 38 36 47 46 41 40 38 36 47 46 41 40 38 36 47 46 41 40 38 36 
*****
DList 3:47 46 41 40 38 36 47 46 41 40 38 36 47 46 41 40 38 36 47 46 41 40 38 36 47 46 41 40 38 36 47 46 41 40 38 36 47 46 41 40 38 36 47 46 41 40 38 36 47 46 41 40 38 36 47 46 41 40 38 36 47 46 41 40 38 36 47 46 41 40 38 36 47 46 41 40 38 36 47 46 41 40 38 36 47 46 41 40 38 36 47 46 41 40 38 36 47 46 41 40 38 36 
*****
DList 2:47 46 41 40 38 36 47 46 41 40 38 36 47 46 41 40 38 36 47 46 41 40 38 36 47 46 41 40 38 36 47 46 41 40 38 36 47 46 41 40 38 36 47 46 41 40 38 36 47 46 41 40 38 36 47 46 41 40 38 36 47 46 41 40 38 36 47 46 41 40 38 36 47 46 41 40 38 36 47 46 41 40 38 36 47 46 41 40 38 36 47 46 41 40 38 36 47 46 41 40 38 36 47 46 41 40 38 36 
*****
DList 1:47 46 41 40 38 36 47 46 41 40 38 36 47 46 41 40 38 36 47 46 41 40 38 36 47 46 41 40 38 36 47 46 41 40 38 36 47 46 41 40 38 36 47 46 41 40 38 36 47 46 41 40 38 36 47 46 41 40 38 36 47 46 41 40 38 36 47 46 41 40 38 36 47 46 41 40 38 36 47 46 41 40 38 36 47 46 41 40 38 36 47 46 41 40 38 36 47 46 41 40 38 36 47 46 41 40 38 36 47 46 41 40 38 36 
*****
DList 0:47 46 41 40 38 36 47 46 41 40 38 36 47 46 41 40 38 36 47 46 41 40 38 36 47 46 41 40 38 36 47 46 41 40 38 36 47 46 41 40 38 36 47 46 41 40 38 36 47 46 41 40 38 36 47 46 41 40 38 36 47 46 41 40 38 36 47 46 41 40 38 36 47 46 41 40 38 36 47 46 41 40 38 36 47 46 41 40 38 36 47 46 41 40 38 36 47 46 41 40 38 36 47 46 41 40 38 36 47 46 41 40 38 36 47 46 41 40 38 36 
*****
# elapsed time (PAR): 31.2784s
56 56 55 
